7070
1 1
1 2
1 3
1 4
1 5
1 6
1 7
1 8
1 9
1 10
1 11
1 12
1 13
1 14
1 15
1 16
1 17
1 18
1 19
1 20
1 21
1 22
1 23
1 24
1 25
1 26
1 27
1 28
1 29
1 30
1 31
1 32
1 33
1 34
1 35
1 36
1 37
1 38
1 39
1 40
1 41
1 42
1 43
1 44
1 45
1 46
1 47
1 48
1 49
1 50
1 51
1 52
1 53
1 54
1 55
1 56
1 57
1 58
1 59
1 60
1 61
1 62
1 63
1 64
1 65
1 66
1 67
1 68
1 69
1 70
1 71
1 72
1 73
1 74
1 75
1 76
1 77
1 78
1 79
1 80
1 81
1 82
1 83
1 84
1 85
1 86
1 87
1 88
1 89
1 90
1 91
1 92
1 93
1 94
1 95
1 96
1 97
1 98
1 99
1 100
1 101
1 102
1 103
1 104
1 105
1 106
1 107
1 108
1 109
1 110
1 111
1 112
1 113
1 114
1 115
1 116
1 117
1 118
1 119
1 120
1 121
1 122
1 123
1 124
1 125
1 126
1 127
1 128
1 129
1 130
1 131
1 132
1 133
1 134
1 135
1 136
1 137
1 138
1 139
1 140
1 141
1 142
1 143
1 144
1 145
1 146
1 147
1 148
1 149
1 150
1 151
1 152
1 153
1 154
1 155
1 156
1 157
1 158
1 159
1 160
1 161
1 162
1 163
1 164
1 165
1 166
1 167
1 168
1 169
1 170
1 171
1 172
1 173
1 174
1 175
1 176
1 177
1 178
1 179
1 180
1 181
1 182
1 183
1 184
1 185
1 186
1 187
1 188
1 189
1 190
1 191
1 192
1 193
1 194
1 195
1 196
1 197
1 198
1 199
1 200
1 201
1 202
1 203
1 204
1 205
1 206
1 207
1 208
1 209
1 210
1 211
1 212
1 213
1 214
1 215
1 216
1 217
1 218
1 219
1 220
1 221
1 222
1 223
1 224
1 225
1 226
1 227
1 228
1 229
1 230
1 231
1 232
1 233
1 234
1 235
1 236
1 237
1 238
1 239
1 240
1 241
1 242
1 243
1 244
1 245
1 246
1 247
1 248
1 249
1 250
1 251
1 252
1 253
1 254
1 255
1 256
1 257
1 258
1 259
1 260
1 261
1 262
1 263
1 264
1 265
1 266
1 267
1 268
1 269
1 270
1 271
1 272
1 273
1 274
1 275
1 276
1 277
1 278
1 279
1 280
1 281
1 282
1 283
1 284
1 285
1 286
1 287
1 288
1 289
1 290
1 291
1 292
1 293
1 294
1 295
1 296
1 297
1 298
1 299
1 300
1 301
1 302
1 303
1 304
1 305
1 306
1 307
1 308
1 309
1 310
1 311
1 312
1 313
1 314
1 315
1 316
1 317
1 318
1 319
1 320
1 321
1 322
1 323
1 324
1 325
1 326
1 327
1 328
1 329
1 330
1 331
1 332
1 333
1 334
1 335
1 336
1 337
1 338
1 339
1 340
1 341
1 342
1 343
1 344
1 345
1 346
1 347
1 348
1 349
1 350
1 351
1 352
1 353
1 354
1 355
1 356
1 357
1 358
1 359
1 360
1 361
1 362
1 363
1 364
1 365
1 366
1 367
1 368
1 369
1 370
1 371
1 372
1 373
1 374
1 375
1 376
1 377
1 378
1 379
1 380
1 381
1 382
1 383
1 384
1 385
1 386
1 387
1 388
1 389
1 390
1 391
1 392
1 393
1 394
1 395
1 396
1 397
1 398
1 399
1 400
1 401
1 402
1 403
1 404
1 405
1 406
1 407
1 408
1 409
1 410
1 411
1 412
1 413
1 414
1 415
1 416
1 417
1 418
1 419
1 420
1 421
1 422
1 423
1 424
1 425
1 426
1 427
1 428
1 429
1 430
1 431
1 432
1 433
1 434
1 435
1 436
1 437
1 438
1 439
1 440
1 441
1 442
1 443
1 444
1 445
1 446
1 447
1 448
1 449
1 450
1 451
1 452
1 453
1 454
1 455
1 456
1 457
1 458
1 459
1 460
1 461
1 462
1 463
1 464
1 465
1 466
1 467
1 468
1 469
1 470
1 471
1 472
1 473
1 474
1 475
1 476
1 477
1 478
1 479
1 480
1 481
1 482
1 483
1 484
1 485
1 486
1 487
1 488
1 489
1 490
1 491
1 492
1 493
1 494
1 495
1 496
1 497
1 498
1 499
1 500
1 501
1 502
1 503
1 504
1 505
1 506
1 507
1 508
1 509
1 510
1 511
1 512
1 513
1 514
1 515
1 516
1 517
1 518
1 519
1 520
1 521
1 522
1 523
1 524
1 525
1 526
1 527
1 528
1 529
1 530
1 531
1 532
1 533
1 534
1 535
1 536
1 537
1 538
1 539
1 540
1 541
1 542
1 543
1 544
1 545
1 546
1 547
1 548
1 549
1 550
1 551
1 552
1 553
1 554
1 555
1 556
1 557
1 558
1 559
1 560
1 561
1 562
1 563
1 564
1 565
1 566
1 567
1 568
1 569
1 570
1 571
1 572
1 573
1 574
1 575
1 576
1 577
1 578
1 579
1 580
1 581
1 582
1 583
1 584
1 585
1 586
1 587
1 588
1 589
1 590
1 591
1 592
1 593
1 594
1 595
1 596
1 597
1 598
1 599
1 600
1 4601
1 4602
1 4603
1 4604
1 4605
1 4606
1 4607
1 4608
1 4609
1 4610
1 4611
1 4612
1 4613
1 4614
1 4615
1 4616
1 4617
1 4618
1 4619
1 4620
1 4621
1 4622
1 4623
1 4624
1 4625
1 4626
1 4627
1 4628
1 4629
1 4630
1 4631
1 4632
1 4633
1 4634
1 4635
1 4636
1 4637
1 4638
1 4639
1 4640
1 4641
1 4642
1 4643
1 4644
1 4645
1 4646
1 4647
1 4648
1 4649
1 4650
1 4651
1 4652
1 4653
1 4654
1 4655
1 4656
1 4657
1 4658
1 4659
1 4660
1 4661
1 4662
1 4663
1 4664
1 4665
1 4666
1 4667
1 4668
1 4669
1 4670
1 4671
1 4672
1 4673
1 4674
1 4675
1 4676
1 4677
1 4678
1 4679
1 4680
1 4681
1 4682
1 4683
1 4684
1 4685
1 4686
1 4687
1 4688
1 4689
1 4690
1 4691
1 4692
1 4693
1 4694
1 4695
1 4696
1 4697
1 4698
1 4699
1 4700
1 4701
1 4702
1 4703
1 4704
1 4705
1 4706
1 4707
1 4708
1 4709
1 4710
1 4711
1 4712
1 4713
1 4714
1 4715
1 4716
1 4717
1 4718
1 4719
1 4720
1 4721
1 4722
1 4723
1 4724
1 4725
1 4726
1 4727
1 4728
1 4729
1 4730
1 4731
1 4732
1 4733
1 4734
1 4735
1 4736
1 4737
1 4738
1 4739
1 4740
1 4741
1 4742
1 4743
1 4744
1 4745
1 4746
1 4747
1 4748
1 4749
1 4750
1 4751
1 4752
1 4753
1 4754
1 4755
1 4756
1 4757
1 4758
1 4759
1 4760
1 4761
1 4762
1 4763
1 4764
1 4765
1 4766
1 4767
1 4768
1 4769
1 4770
1 4771
1 4772
1 4773
1 4774
1 4775
1 4776
1 4777
1 4778
1 4779
1 4780
1 4781
1 4782
1 4783
1 4784
1 4785
1 4786
1 4787
1 4788
1 4789
1 4790
1 4791
1 4792
1 4793
1 4794
1 4795
1 4796
1 4797
1 4798
1 4799
1 4800
1 4801
1 4802
1 4803
1 4804
1 4805
1 4806
1 4807
1 4808
1 4809
1 4810
1 4811
1 4812
1 4813
1 4814
1 4815
1 4816
1 4817
1 4818
1 4819
1 4820
1 4821
1 4822
1 4823
1 4824
1 4825
1 4826
1 4827
1 4828
1 4829
1 4830
1 4831
1 4832
1 4833
1 4834
1 4835
1 4836
1 4837
1 4838
1 4839
1 4840
1 4841
1 4842
1 4843
1 4844
1 4845
1 4846
1 4847
1 4848
1 4849
1 4850
1 4851
1 4852
1 4853
1 4854
1 4855
1 4856
1 4857
1 4858
1 4859
1 4860
1 4861
1 4862
1 4863
1 4864
1 4865
1 4866
1 4867
1 4868
1 4869
1 4870
1 4871
1 4872
1 4873
1 4874
1 4875
1 4876
1 4877
1 4878
1 4879
1 4880
1 4881
1 4882
1 4883
1 4884
1 4885
1 4886
1 4887
1 4888
1 4889
1 4890
1 4891
1 4892
1 4893
1 4894
1 4895
1 4896
1 4897
1 4898
1 4899
1 4900
1 4901
1 4902
1 4903
1 4904
1 4905
1 4906
1 4907
1 4908
1 4909
1 4910
1 4911
1 4912
1 4913
1 4914
1 4915
1 4916
1 4917
1 4918
1 4919
1 4920
1 4921
1 4922
1 4923
1 4924
1 4925
1 4926
1 4927
1 4928
1 4929
1 4930
1 4931
1 4932
1 4933
1 4934
1 4935
1 4936
1 4937
1 4938
1 4939
1 4940
1 4941
1 4942
1 4943
1 4944
1 4945
1 4946
1 4947
1 4948
1 4949
1 4950
1 4951
1 4952
1 4953
1 4954
1 4955
1 4956
1 4957
1 4958
1 4959
1 4960
1 4961
1 4962
1 4963
1 4964
1 4965
1 4966
1 4967
1 4968
1 4969
1 4970
1 4971
1 4972
1 4973
1 4974
1 4975
1 4976
1 4977
1 4978
1 4979
1 4980
1 4981
1 4982
1 4983
1 4984
1 4985
1 4986
1 4987
1 4988
1 4989
1 4990
1 4991
1 4992
1 4993
1 4994
1 4995
1 4996
1 4997
1 4998
1 4999
1 5000
2 1
2 2
2 3
2 4
2 5
2 6
2 7
2 8
2 9
2 10
2 11
2 12
2 13
2 14
2 15
2 16
2 17
2 18
2 19
2 20
2 21
2 22
2 23
2 24
2 25
2 26
2 27
2 28
2 29
2 30
2 31
2 32
2 33
2 34
2 35
2 36
2 37
2 38
2 39
2 40
2 41
2 42
2 43
2 44
2 45
2 46
2 47
2 48
2 49
2 50
2 51
2 52
2 53
2 54
2 55
2 56
2 57
2 58
2 59
2 60
2 61
2 62
2 63
2 64
2 65
2 66
2 67
2 68
2 69
2 70
2 71
2 72
2 73
2 74
2 75
2 76
2 77
2 78
2 79
2 80
2 81
2 82
2 83
2 84
2 85
2 86
2 87
2 88
2 89
2 90
2 91
2 92
2 93
2 94
2 95
2 96
2 97
2 98
2 99
2 100
2 101
2 102
2 103
2 104
2 105
2 106
2 107
2 108
2 109
2 110
2 111
2 112
2 113
2 114
2 115
2 116
2 117
2 118
2 119
2 120
2 121
2 122
2 123
2 124
2 125
2 126
2 127
2 128
2 129
2 130
2 131
2 132
2 133
2 134
2 135
2 136
2 137
2 138
2 139
2 140
2 141
2 142
2 143
2 144
2 145
2 146
2 147
2 148
2 149
2 150
2 151
2 152
2 153
2 154
2 155
2 156
2 157
2 158
2 159
2 160
2 161
2 162
2 163
2 164
2 165
2 166
2 167
2 168
2 169
2 170
2 171
2 172
2 173
2 174
2 175
2 176
2 177
2 178
2 179
2 180
2 181
2 182
2 183
2 184
2 185
2 186
2 187
2 188
2 189
2 190
2 191
2 192
2 193
2 194
2 195
2 196
2 197
2 198
2 199
2 200
2 201
2 202
2 203
2 204
2 205
2 206
2 207
2 208
2 209
2 210
2 211
2 212
2 213
2 214
2 215
2 216
2 217
2 218
2 219
2 220
2 221
2 222
2 223
2 224
2 225
2 226
2 227
2 228
2 229
2 230
2 231
2 232
2 233
2 234
2 235
2 236
2 237
2 238
2 239
2 240
2 241
2 242
2 243
2 244
2 245
2 246
2 247
2 248
2 249
2 250
2 251
2 252
2 253
2 254
2 255
2 256
2 257
2 258
2 259
2 260
2 261
2 262
2 263
2 264
2 265
2 266
2 267
2 268
2 269
2 270
2 271
2 272
2 273
2 274
2 275
2 276
2 277
2 278
2 279
2 280
2 281
2 282
2 283
2 284
2 285
2 286
2 287
2 288
2 289
2 290
2 291
2 292
2 293
2 294
2 295
2 296
2 297
2 298
2 299
2 300
2 301
2 302
2 303
2 304
2 305
2 306
2 307
2 308
2 309
2 310
2 311
2 312
2 313
2 314
2 315
2 316
2 317
2 318
2 319
2 320
2 321
2 322
2 323
2 324
2 325
2 326
2 327
2 328
2 329
2 330
2 331
2 332
2 333
2 334
2 335
2 336
2 337
2 338
2 339
2 340
2 341
2 342
2 343
2 344
2 345
2 346
2 347
2 348
2 349
2 350
2 351
2 352
2 353
2 354
2 355
2 356
2 357
2 358
2 359
2 360
2 361
2 362
2 363
2 364
2 365
2 366
2 367
2 368
2 369
2 370
2 371
2 372
2 373
2 374
2 375
2 376
2 377
2 378
2 379
2 380
2 381
2 382
2 383
2 384
2 385
2 386
2 387
2 388
2 389
2 390
2 391
2 392
2 393
2 394
2 395
2 396
2 397
2 398
2 399
2 400
2 401
2 402
2 403
2 404
2 405
2 406
2 407
2 408
2 409
2 410
2 411
2 412
2 413
2 414
2 415
2 416
2 417
2 418
2 419
2 420
2 421
2 422
2 423
2 424
2 425
2 426
2 427
2 428
2 429
2 430
2 431
2 432
2 433
2 434
2 435
2 436
2 437
2 438
2 439
2 440
2 441
2 442
2 443
2 444
2 445
2 446
2 447
2 448
2 449
2 450
2 451
2 452
2 453
2 454
2 455
2 456
2 457
2 458
2 459
2 460
2 461
2 462
2 463
2 464
2 465
2 466
2 467
2 468
2 469
2 470
2 471
2 472
2 473
2 474
2 475
2 476
2 477
2 478
2 479
2 480
2 481
2 482
2 483
2 484
2 485
2 486
2 487
2 488
2 489
2 490
2 491
2 492
2 493
2 494
2 495
2 496
2 497
2 498
2 499
2 500
2 501
2 502
2 503
2 504
2 505
2 506
2 507
2 508
2 509
2 510
2 511
2 512
2 513
2 514
2 515
2 516
2 517
2 518
2 519
2 520
2 521
2 522
2 523
2 524
2 525
2 526
2 527
2 528
2 529
2 530
2 531
2 532
2 533
2 534
2 535
2 536
2 537
2 538
2 539
2 540
2 541
2 542
2 543
2 544
2 545
2 546
2 547
2 548
2 549
2 550
2 551
2 552
2 553
2 554
2 555
2 556
2 557
2 558
2 559
2 560
2 561
2 562
2 563
2 564
2 565
2 566
2 567
2 568
2 569
2 570
2 571
2 572
2 573
2 574
2 575
2 576
2 577
2 578
2 579
2 580
2 581
2 582
2 583
2 584
2 585
2 586
2 587
2 588
2 589
2 590
2 591
2 592
2 593
2 594
2 595
2 596
2 597
2 598
2 599
2 600
2 4601
2 4602
2 4603
2 4604
2 4605
2 4606
2 4607
2 4608
2 4609
2 4610
2 4611
2 4612
2 4613
2 4614
2 4615
2 4616
2 4617
2 4618
2 4619
2 4620
2 4621
2 4622
2 4623
2 4624
2 4625
2 4626
2 4627
2 4628
2 4629
2 4630
2 4631
2 4632
2 4633
2 4634
2 4635
2 4636
2 4637
2 4638
2 4639
2 4640
2 4641
2 4642
2 4643
2 4644
2 4645
2 4646
2 4647
2 4648
2 4649
2 4650
2 4651
2 4652
2 4653
2 4654
2 4655
2 4656
2 4657
2 4658
2 4659
2 4660
2 4661
2 4662
2 4663
2 4664
2 4665
2 4666
2 4667
2 4668
2 4669
2 4670
2 4671
2 4672
2 4673
2 4674
2 4675
2 4676
2 4677
2 4678
2 4679
2 4680
2 4681
2 4682
2 4683
2 4684
2 4685
2 4686
2 4687
2 4688
2 4689
2 4690
2 4691
2 4692
2 4693
2 4694
2 4695
2 4696
2 4697
2 4698
2 4699
2 4700
2 4701
2 4702
2 4703
2 4704
2 4705
2 4706
2 4707
2 4708
2 4709
2 4710
2 4711
2 4712
2 4713
2 4714
2 4715
2 4716
2 4717
2 4718
2 4719
2 4720
2 4721
2 4722
2 4723
2 4724
2 4725
2 4726
2 4727
2 4728
2 4729
2 4730
2 4731
2 4732
2 4733
2 4734
2 4735
2 4736
2 4737
2 4738
2 4739
2 4740
2 4741
2 4742
2 4743
2 4744
2 4745
2 4746
2 4747
2 4748
2 4749
2 4750
2 4751
2 4752
2 4753
2 4754
2 4755
2 4756
2 4757
2 4758
2 4759
2 4760
2 4761
2 4762
2 4763
2 4764
2 4765
2 4766
2 4767
2 4768
2 4769
2 4770
2 4771
2 4772
2 4773
2 4774
2 4775
2 4776
2 4777
2 4778
2 4779
2 4780
2 4781
2 4782
2 4783
2 4784
2 4785
2 4786
2 4787
2 4788
2 4789
2 4790
2 4791
2 4792
2 4793
2 4794
2 4795
2 4796
2 4797
2 4798
2 4799
2 4800
2 4801
2 4802
2 4803
2 4804
2 4805
2 4806
2 4807
2 4808
2 4809
2 4810
2 4811
2 4812
2 4813
2 4814
2 4815
2 4816
2 4817
2 4818
2 4819
2 4820
2 4821
2 4822
2 4823
2 4824
2 4825
2 4826
2 4827
2 4828
2 4829
2 4830
2 4831
2 4832
2 4833
2 4834
2 4835
2 4836
2 4837
2 4838
2 4839
2 4840
2 4841
2 4842
2 4843
2 4844
2 4845
2 4846
2 4847
2 4848
2 4849
2 4850
2 4851
2 4852
2 4853
2 4854
2 4855
2 4856
2 4857
2 4858
2 4859
2 4860
2 4861
2 4862
2 4863
2 4864
2 4865
2 4866
2 4867
2 4868
2 4869
2 4870
2 4871
2 4872
2 4873
2 4874
2 4875
2 4876
2 4877
2 4878
2 4879
2 4880
2 4881
2 4882
2 4883
2 4884
2 4885
2 4886
2 4887
2 4888
2 4889
2 4890
2 4891
2 4892
2 4893
2 4894
2 4895
2 4896
2 4897
2 4898
2 4899
2 4900
2 4901
2 4902
2 4903
2 4904
2 4905
2 4906
2 4907
2 4908
2 4909
2 4910
2 4911
2 4912
2 4913
2 4914
2 4915
2 4916
2 4917
2 4918
2 4919
2 4920
2 4921
2 4922
2 4923
2 4924
2 4925
2 4926
2 4927
2 4928
2 4929
2 4930
2 4931
2 4932
2 4933
2 4934
2 4935
2 4936
2 4937
2 4938
2 4939
2 4940
2 4941
2 4942
2 4943
2 4944
2 4945
2 4946
2 4947
2 4948
2 4949
2 4950
2 4951
2 4952
2 4953
2 4954
2 4955
2 4956
2 4957
2 4958
2 4959
2 4960
2 4961
2 4962
2 4963
2 4964
2 4965
2 4966
2 4967
2 4968
2 4969
2 4970
2 4971
2 4972
2 4973
2 4974
2 4975
2 4976
2 4977
2 4978
2 4979
2 4980
2 4981
2 4982
2 4983
2 4984
2 4985
2 4986
2 4987
2 4988
2 4989
2 4990
2 4991
2 4992
2 4993
2 4994
2 4995
2 4996
2 4997
2 4998
2 4999
2 5000
3 1
3 2
3 3
3 4
3 5
3 6
3 7
3 8
3 9
3 10
3 11
3 12
3 13
3 14
3 15
3 16
3 17
3 18
3 19
3 20
3 21
3 22
3 23
3 24
3 25
3 26
3 27
3 28
3 29
3 30
3 31
3 32
3 33
3 34
3 35
3 36
3 37
3 38
3 39
3 40
3 41
3 42
3 43
3 44
3 45
3 46
3 47
3 48
3 49
3 50
3 51
3 52
3 53
3 54
3 55
3 56
3 57
3 58
3 59
3 60
3 61
3 62
3 63
3 64
3 65
3 66
3 67
3 68
3 69
3 70
3 71
3 72
3 73
3 74
3 75
3 76
3 77
3 78
3 79
3 80
3 81
3 82
3 83
3 84
3 85
3 86
3 87
3 88
3 89
3 90
3 91
3 92
3 93
3 94
3 95
3 96
3 97
3 98
3 99
3 100
3 101
3 102
3 103
3 104
3 105
3 106
3 107
3 108
3 109
3 110
3 111
3 112
3 113
3 114
3 115
3 116
3 117
3 118
3 119
3 120
3 121
3 122
3 123
3 124
3 125
3 126
3 127
3 128
3 129
3 130
3 131
3 132
3 133
3 134
3 135
3 136
3 137
3 138
3 139
3 140
3 141
3 142
3 143
3 144
3 145
3 146
3 147
3 148
3 149
3 150
3 151
3 152
3 153
3 154
3 155
3 156
3 157
3 158
3 159
3 160
3 161
3 162
3 163
3 164
3 165
3 166
3 167
3 168
3 169
3 170
3 171
3 172
3 173
3 174
3 175
3 176
3 177
3 178
3 179
3 180
3 181
3 182
3 183
3 184
3 185
3 186
3 187
3 188
3 189
3 190
3 191
3 192
3 193
3 194
3 195
3 196
3 197
3 198
3 199
3 200
3 201
3 202
3 203
3 204
3 205
3 206
3 207
3 208
3 209
3 210
3 211
3 212
3 213
3 214
3 215
3 216
3 217
3 218
3 219
3 220
3 221
3 222
3 223
3 224
3 225
3 226
3 227
3 228
3 229
3 230
3 231
3 232
3 233
3 234
3 235
3 236
3 237
3 238
3 239
3 240
3 241
3 242
3 243
3 244
3 245
3 246
3 247
3 248
3 249
3 250
3 251
3 252
3 253
3 254
3 255
3 256
3 257
3 258
3 259
3 260
3 261
3 262
3 263
3 264
3 265
3 266
3 267
3 268
3 269
3 270
3 271
3 272
3 273
3 274
3 275
3 276
3 277
3 278
3 279
3 280
3 281
3 282
3 283
3 284
3 285
3 286
3 287
3 288
3 289
3 290
3 291
3 292
3 293
3 294
3 295
3 296
3 297
3 298
3 299
3 300
3 301
3 302
3 303
3 304
3 305
3 306
3 307
3 308
3 309
3 310
3 311
3 312
3 313
3 314
3 315
3 316
3 317
3 318
3 319
3 320
3 321
3 322
3 323
3 324
3 325
3 326
3 327
3 328
3 329
3 330
3 331
3 332
3 333
3 334
3 335
3 336
3 337
3 338
3 339
3 340
3 341
3 342
3 343
3 344
3 345
3 346
3 347
3 348
3 349
3 350
3 351
3 352
3 353
3 354
3 355
3 356
3 357
3 358
3 359
3 360
3 361
3 362
3 363
3 364
3 365
3 366
3 367
3 368
3 369
3 370
3 371
3 372
3 373
3 374
3 375
3 376
3 377
3 378
3 379
3 380
3 381
3 382
3 383
3 384
3 385
3 386
3 387
3 388
3 389
3 390
3 391
3 392
3 393
3 394
3 395
3 396
3 397
3 398
3 399
3 400
3 401
3 402
3 403
3 404
3 405
3 406
3 407
3 408
3 409
3 410
3 411
3 412
3 413
3 414
3 415
3 416
3 417
3 418
3 419
3 420
3 421
3 422
3 423
3 424
3 425
3 426
3 427
3 428
3 429
3 430
3 431
3 432
3 433
3 434
3 435
3 436
3 437
3 438
3 439
3 440
3 441
3 442
3 443
3 444
3 445
3 446
3 447
3 448
3 449
3 450
3 451
3 452
3 453
3 454
3 455
3 456
3 457
3 458
3 459
3 460
3 461
3 462
3 463
3 464
3 465
3 466
3 467
3 468
3 469
3 470
3 471
3 472
3 473
3 474
3 475
3 476
3 477
3 478
3 479
3 480
3 481
3 482
3 483
3 484
3 485
3 486
3 487
3 488
3 489
3 490
3 491
3 492
3 493
3 494
3 495
3 496
3 497
3 498
3 499
3 500
3 501
3 502
3 503
3 504
3 505
3 506
3 507
3 508
3 509
3 510
3 511
3 512
3 513
3 514
3 515
3 516
3 517
3 518
3 519
3 520
3 521
3 522
3 523
3 524
3 525
3 526
3 527
3 528
3 529
3 530
3 531
3 532
3 533
3 534
3 535
3 536
3 537
3 538
3 539
3 540
3 541
3 542
3 543
3 544
3 545
3 546
3 547
3 548
3 549
3 550
3 551
3 552
3 553
3 554
3 555
3 556
3 557
3 558
3 559
3 560
3 561
3 562
3 563
3 564
3 565
3 566
3 567
3 568
3 569
3 570
3 571
3 572
3 573
3 574
3 575
3 576
3 577
3 578
3 579
3 580
3 581
3 582
3 583
3 584
3 585
3 586
3 587
3 588
3 589
3 590
3 591
3 592
3 593
3 594
3 595
3 596
3 597
3 598
3 599
3 600
3 4601
3 4602
3 4603
3 4604
3 4605
3 4606
3 4607
3 4608
3 4609
3 4610
3 4611
3 4612
3 4613
3 4614
3 4615
3 4616
3 4617
3 4618
3 4619
3 4620
3 4621
3 4622
3 4623
3 4624
3 4625
3 4626
3 4627
3 4628
3 4629
3 4630
3 4631
3 4632
3 4633
3 4634
3 4635
3 4636
3 4637
3 4638
3 4639
3 4640
3 4641
3 4642
3 4643
3 4644
3 4645
3 4646
3 4647
3 4648
3 4649
3 4650
3 4651
3 4652
3 4653
3 4654
3 4655
3 4656
3 4657
3 4658
3 4659
3 4660
3 4661
3 4662
3 4663
3 4664
3 4665
3 4666
3 4667
3 4668
3 4669
3 4670
3 4671
3 4672
3 4673
3 4674
3 4675
3 4676
3 4677
3 4678
3 4679
3 4680
3 4681
3 4682
3 4683
3 4684
3 4685
3 4686
3 4687
3 4688
3 4689
3 4690
3 4691
3 4692
3 4693
3 4694
3 4695
3 4696
3 4697
3 4698
3 4699
3 4700
3 4701
3 4702
3 4703
3 4704
3 4705
3 4706
3 4707
3 4708
3 4709
3 4710
3 4711
3 4712
3 4713
3 4714
3 4715
3 4716
3 4717
3 4718
3 4719
3 4720
3 4721
3 4722
3 4723
3 4724
3 4725
3 4726
3 4727
3 4728
3 4729
3 4730
3 4731
3 4732
3 4733
3 4734
3 4735
3 4736
3 4737
3 4738
3 4739
3 4740
3 4741
3 4742
3 4743
3 4744
3 4745
3 4746
3 4747
3 4748
3 4749
3 4750
3 4751
3 4752
3 4753
3 4754
3 4755
3 4756
3 4757
3 4758
3 4759
3 4760
3 4761
3 4762
3 4763
3 4764
3 4765
3 4766
3 4767
3 4768
3 4769
3 4770
3 4771
3 4772
3 4773
3 4774
3 4775
3 4776
3 4777
3 4778
3 4779
3 4780
3 4781
3 4782
3 4783
3 4784
3 4785
3 4786
3 4787
3 4788
3 4789
3 4790
3 4791
3 4792
3 4793
3 4794
3 4795
3 4796
3 4797
3 4798
3 4799
3 4800
3 4801
3 4802
3 4803
3 4804
3 4805
3 4806
3 4807
3 4808
3 4809
3 4810
3 4811
3 4812
3 4813
3 4814
3 4815
3 4816
3 4817
3 4818
3 4819
3 4820
3 4821
3 4822
3 4823
3 4824
3 4825
3 4826
3 4827
3 4828
3 4829
3 4830
3 4831
3 4832
3 4833
3 4834
3 4835
3 4836
3 4837
3 4838
3 4839
3 4840
3 4841
3 4842
3 4843
3 4844
3 4845
3 4846
3 4847
3 4848
3 4849
3 4850
3 4851
3 4852
3 4853
3 4854
3 4855
3 4856
3 4857
3 4858
3 4859
3 4860
3 4861
3 4862
3 4863
3 4864
3 4865
3 4866
3 4867
3 4868
3 4869
3 4870
3 4871
3 4872
3 4873
3 4874
3 4875
3 4876
3 4877
3 4878
3 4879
3 4880
3 4881
3 4882
3 4883
3 4884
3 4885
3 4886
3 4887
3 4888
3 4889
3 4890
3 4891
3 4892
3 4893
3 4894
3 4895
3 4896
3 4897
3 4898
3 4899
3 4900
3 4901
3 4902
3 4903
3 4904
3 4905
3 4906
3 4907
3 4908
3 4909
3 4910
3 4911
3 4912
3 4913
3 4914
3 4915
3 4916
3 4917
3 4918
3 4919
3 4920
3 4921
3 4922
3 4923
3 4924
3 4925
3 4926
3 4927
3 4928
3 4929
3 4930
3 4931
3 4932
3 4933
3 4934
3 4935
3 4936
3 4937
3 4938
3 4939
3 4940
3 4941
3 4942
3 4943
3 4944
3 4945
3 4946
3 4947
3 4948
3 4949
3 4950
3 4951
3 4952
3 4953
3 4954
3 4955
3 4956
3 4957
3 4958
3 4959
3 4960
3 4961
3 4962
3 4963
3 4964
3 4965
3 4966
3 4967
3 4968
3 4969
3 4970
3 4971
3 4972
3 4973
3 4974
3 4975
3 4976
3 4977
3 4978
3 4979
3 4980
3 4981
3 4982
3 4983
3 4984
3 4985
3 4986
3 4987
3 4988
3 4989
3 4990
3 4991
3 4992
3 4993
3 4994
3 4995
3 4996
3 4997
3 4998
3 4999
3 5000
4 1
4 2
4 3
4 4
4 5
4 6
4 7
4 8
4 9
4 10
4 11
4 12
4 13
4 14
4 15
4 16
4 17
4 18
4 19
4 20
4 21
4 22
4 23
4 24
4 25
4 26
4 27
4 28
4 29
4 30
4 31
4 32
4 33
4 34
4 35
4 36
4 37
4 38
4 39
4 40
4 41
4 42
4 43
4 44
4 45
4 46
4 47
4 48
4 49
4 50
4 51
4 52
4 53
4 54
4 55
4 56
4 57
4 58
4 59
4 60
4 61
4 62
4 63
4 64
4 65
4 66
4 67
4 68
4 69
4 70
4 71
4 72
4 73
4 74
4 75
4 76
4 77
4 78
4 79
4 80
4 81
4 82
4 83
4 84
4 85
4 86
4 87
4 88
4 89
4 90
4 91
4 92
4 93
4 94
4 95
4 96
4 97
4 98
4 99
4 100
4 101
4 102
4 103
4 104
4 105
4 106
4 107
4 108
4 109
4 110
4 111
4 112
4 113
4 114
4 115
4 116
4 117
4 118
4 119
4 120
4 121
4 122
4 123
4 124
4 125
4 126
4 127
4 128
4 129
4 130
4 131
4 132
4 133
4 134
4 135
4 136
4 137
4 138
4 139
4 140
4 141
4 142
4 143
4 144
4 145
4 146
4 147
4 148
4 149
4 150
4 151
4 152
4 153
4 154
4 155
4 156
4 157
4 158
4 159
4 160
4 161
4 162
4 163
4 164
4 165
4 166
4 167
4 168
4 169
4 170
4 171
4 172
4 173
4 174
4 175
4 176
4 177
4 178
4 179
4 180
4 181
4 182
4 183
4 184
4 185
4 186
4 187
4 188
4 189
4 190
4 191
4 192
4 193
4 194
4 195
4 196
4 197
4 198
4 199
4 200
4 201
4 202
4 203
4 204
4 205
4 206
4 207
4 208
4 209
4 210
4 211
4 212
4 213
4 214
4 215
4 216
4 217
4 218
4 219
4 220
4 221
4 222
4 223
4 224
4 225
4 226
4 227
4 228
4 229
4 230
4 231
4 232
4 233
4 234
4 235
4 236
4 237
4 238
4 239
4 240
4 241
4 242
4 243
4 244
4 245
4 246
4 247
4 248
4 249
4 250
4 251
4 252
4 253
4 254
4 255
4 256
4 257
4 258
4 259
4 260
4 261
4 262
4 263
4 264
4 265
4 266
4 267
4 268
4 269
4 270
4 271
4 272
4 273
4 274
4 275
4 276
4 277
4 278
4 279
4 280
4 281
4 282
4 283
4 284
4 285
4 286
4 287
4 288
4 289
4 290
4 291
4 292
4 293
4 294
4 295
4 296
4 297
4 298
4 299
4 300
4 301
4 302
4 303
4 304
4 305
4 306
4 307
4 308
4 309
4 310
4 311
4 312
4 313
4 314
4 315
4 316
4 317
4 318
4 319
4 320
4 321
4 322
4 323
4 324
4 325
4 326
4 327
4 328
4 329
4 330
4 331
4 332
4 333
4 334
4 335
4 336
4 337
4 338
4 339
4 340
4 341
4 342
4 343
4 344
4 345
4 346
4 347
4 348
4 349
4 350
4 351
4 352
4 353
4 354
4 355
4 356
4 357
4 358
4 359
4 360
4 361
4 362
4 363
4 364
4 365
4 366
4 367
4 368
4 369
4 370
4 371
4 372
4 373
4 374
4 375
4 376
4 377
4 378
4 379
4 380
4 381
4 382
4 383
4 384
4 385
4 386
4 387
4 388
4 389
4 390
4 391
4 392
4 393
4 394
4 395
4 396
4 397
4 398
4 399
4 400
4 401
4 402
4 403
4 404
4 405
4 406
4 407
4 408
4 409
4 410
4 411
4 412
4 413
4 414
4 415
4 416
4 417
4 418
4 419
4 420
4 421
4 422
4 423
4 424
4 425
4 426
4 427
4 428
4 429
4 430
4 431
4 432
4 433
4 434
4 435
4 436
4 437
4 438
4 439
4 440
4 441
4 442
4 443
4 444
4 445
4 446
4 447
4 448
4 449
4 450
4 451
4 452
4 453
4 454
4 455
4 456
4 457
4 458
4 459
4 460
4 461
4 462
4 463
4 464
4 465
4 466
4 467
4 468
4 469
4 470
4 471
4 472
4 473
4 474
4 475
4 476
4 477
4 478
4 479
4 480
4 481
4 482
4 483
4 484
4 485
4 486
4 487
4 488
4 489
4 490
4 491
4 492
4 493
4 494
4 495
4 496
4 497
4 498
4 499
4 500
4 501
4 502
4 503
4 504
4 505
4 506
4 507
4 508
4 509
4 510
4 511
4 512
4 513
4 514
4 515
4 516
4 517
4 518
4 519
4 520
4 521
4 522
4 523
4 524
4 525
4 526
4 527
4 528
4 529
4 530
4 531
4 532
4 533
4 534
4 535
4 536
4 537
4 538
4 539
4 540
4 541
4 542
4 543
4 544
4 545
4 546
4 547
4 548
4 549
4 550
4 551
4 552
4 553
4 554
4 555
4 556
4 557
4 558
4 559
4 560
4 561
4 562
4 563
4 564
4 565
4 566
4 567
4 568
4 569
4 570
4 571
4 572
4 573
4 574
4 575
4 576
4 577
4 578
4 579
4 580
4 581
4 582
4 583
4 584
4 585
4 586
4 587
4 588
4 589
4 590
4 591
4 592
4 593
4 594
4 595
4 596
4 597
4 598
4 599
4 600
4 4601
4 4602
4 4603
4 4604
4 4605
4 4606
4 4607
4 4608
4 4609
4 4610
4 4611
4 4612
4 4613
4 4614
4 4615
4 4616
4 4617
4 4618
4 4619
4 4620
4 4621
4 4622
4 4623
4 4624
4 4625
4 4626
4 4627
4 4628
4 4629
4 4630
4 4631
4 4632
4 4633
4 4634
4 4635
4 4636
4 4637
4 4638
4 4639
4 4640
4 4641
4 4642
4 4643
4 4644
4 4645
4 4646
4 4647
4 4648
4 4649
4 4650
4 4651
4 4652
4 4653
4 4654
4 4655
4 4656
4 4657
4 4658
4 4659
4 4660
4 4661
4 4662
4 4663
4 4664
4 4665
4 4666
4 4667
4 4668
4 4669
4 4670
4 4671
4 4672
4 4673
4 4674
4 4675
4 4676
4 4677
4 4678
4 4679
4 4680
4 4681
4 4682
4 4683
4 4684
4 4685
4 4686
4 4687
4 4688
4 4689
4 4690
4 4691
4 4692
4 4693
4 4694
4 4695
4 4696
4 4697
4 4698
4 4699
4 4700
4 4701
4 4702
4 4703
4 4704
4 4705
4 4706
4 4707
4 4708
4 4709
4 4710
4 4711
4 4712
4 4713
4 4714
4 4715
4 4716
4 4717
4 4718
4 4719
4 4720
4 4721
4 4722
4 4723
4 4724
4 4725
4 4726
4 4727
4 4728
4 4729
4 4730
4 4731
4 4732
4 4733
4 4734
4 4735
4 4736
4 4737
4 4738
4 4739
4 4740
4 4741
4 4742
4 4743
4 4744
4 4745
4 4746
4 4747
4 4748
4 4749
4 4750
4 4751
4 4752
4 4753
4 4754
4 4755
4 4756
4 4757
4 4758
4 4759
4 4760
4 4761
4 4762
4 4763
4 4764
4 4765
4 4766
4 4767
4 4768
4 4769
4 4770
4 4771
4 4772
4 4773
4 4774
4 4775
4 4776
4 4777
4 4778
4 4779
4 4780
4 4781
4 4782
4 4783
4 4784
4 4785
4 4786
4 4787
4 4788
4 4789
4 4790
4 4791
4 4792
4 4793
4 4794
4 4795
4 4796
4 4797
4 4798
4 4799
4 4800
4 4801
4 4802
4 4803
4 4804
4 4805
4 4806
4 4807
4 4808
4 4809
4 4810
4 4811
4 4812
4 4813
4 4814
4 4815
4 4816
4 4817
4 4818
4 4819
4 4820
4 4821
4 4822
4 4823
4 4824
4 4825
4 4826
4 4827
4 4828
4 4829
4 4830
4 4831
4 4832
4 4833
4 4834
4 4835
4 4836
4 4837
4 4838
4 4839
4 4840
4 4841
4 4842
4 4843
4 4844
4 4845
4 4846
4 4847
4 4848
4 4849
4 4850
4 4851
4 4852
4 4853
4 4854
4 4855
4 4856
4 4857
4 4858
4 4859
4 4860
4 4861
4 4862
4 4863
4 4864
4 4865
4 4866
4 4867
4 4868
4 4869
4 4870
4 4871
4 4872
4 4873
4 4874
4 4875
4 4876
4 4877
4 4878
4 4879
4 4880
4 4881
4 4882
4 4883
4 4884
4 4885
4 4886
4 4887
4 4888
4 4889
4 4890
4 4891
4 4892
4 4893
4 4894
4 4895
4 4896
4 4897
4 4898
4 4899
4 4900
4 4901
4 4902
4 4903
4 4904
4 4905
4 4906
4 4907
4 4908
4 4909
4 4910
4 4911
4 4912
4 4913
4 4914
4 4915
4 4916
4 4917
4 4918
4 4919
4 4920
4 4921
4 4922
4 4923
4 4924
4 4925
4 4926
4 4927
4 4928
4 4929
4 4930
4 4931
4 4932
4 4933
4 4934
4 4935
4 4936
4 4937
4 4938
4 4939
4 4940
4 4941
4 4942
4 4943
4 4944
4 4945
4 4946
4 4947
4 4948
4 4949
4 4950
4 4951
4 4952
4 4953
4 4954
4 4955
4 4956
4 4957
4 4958
4 4959
4 4960
4 4961
4 4962
4 4963
4 4964
4 4965
4 4966
4 4967
4 4968
4 4969
4 4970
4 4971
4 4972
4 4973
4 4974
4 4975
4 4976
4 4977
4 4978
4 4979
4 4980
4 4981
4 4982
4 4983
4 4984
4 4985
4 4986
4 4987
4 4988
4 4989
4 4990
4 4991
4 4992
4 4993
4 4994
4 4995
4 4996
4 4997
4 4998
4 4999
4 5000
5 1
5 2
5 3
5 4
5 5
5 6
5 7
5 8
5 9
5 10
5 11
5 12
5 13
5 14
5 15
5 16
5 17
5 18
5 19
5 20
5 21
5 22
5 23
5 24
5 25
5 26
5 27
5 28
5 29
5 30
5 31
5 32
5 33
5 34
5 35
5 36
5 37
5 38
5 39
5 40
5 41
5 42
5 43
5 44
5 45
5 46
5 47
5 48
5 49
5 50
5 51
5 52
5 53
5 54
5 55
5 56
5 57
5 58
5 59
5 60
5 61
5 62
5 63
5 64
5 65
5 66
5 67
5 68
5 69
5 70
5 71
5 72
5 73
5 74
5 75
5 76
5 77
5 78
5 79
5 80
5 81
5 82
5 83
5 84
5 85
5 86
5 87
5 88
5 89
5 90
5 91
5 92
5 93
5 94
5 95
5 96
5 97
5 98
5 99
5 100
5 101
5 102
5 103
5 104
5 105
5 106
5 107
5 108
5 109
5 110
5 111
5 112
5 113
5 114
5 115
5 116
5 117
5 118
5 119
5 120
5 121
5 122
5 123
5 124
5 125
5 126
5 127
5 128
5 129
5 130
5 131
5 132
5 133
5 134
5 135
5 136
5 137
5 138
5 139
5 140
5 141
5 142
5 143
5 144
5 145
5 146
5 147
5 148
5 149
5 150
5 151
5 152
5 153
5 154
5 155
5 156
5 157
5 158
5 159
5 160
5 161
5 162
5 163
5 164
5 165
5 166
5 167
5 168
5 169
5 170
5 171
5 172
5 173
5 174
5 175
5 176
5 177
5 178
5 179
5 180
5 181
5 182
5 183
5 184
5 185
5 186
5 187
5 188
5 189
5 190
5 191
5 192
5 193
5 194
5 195
5 196
5 197
5 198
5 199
5 200
5 201
5 202
5 203
5 204
5 205
5 206
5 207
5 208
5 209
5 210
5 211
5 212
5 213
5 214
5 215
5 216
5 217
5 218
5 219
5 220
5 221
5 222
5 223
5 224
5 225
5 226
5 227
5 228
5 229
5 230
5 231
5 232
5 233
5 234
5 235
5 236
5 237
5 238
5 239
5 240
5 241
5 242
5 243
5 244
5 245
5 246
5 247
5 248
5 249
5 250
5 251
5 252
5 253
5 254
5 255
5 256
5 257
5 258
5 259
5 260
5 261
5 262
5 263
5 264
5 265
5 266
5 267
5 268
5 269
5 270
5 271
5 272
5 273
5 274
5 275
5 276
5 277
5 278
5 279
5 280
5 281
5 282
5 283
5 284
5 285
5 286
5 287
5 288
5 289
5 290
5 291
5 292
5 293
5 294
5 295
5 296
5 297
5 298
5 299
5 300
5 301
5 302
5 303
5 304
5 305
5 306
5 307
5 308
5 309
5 310
5 311
5 312
5 313
5 314
5 315
5 316
5 317
5 318
5 319
5 320
5 321
5 322
5 323
5 324
5 325
5 326
5 327
5 328
5 329
5 330
5 331
5 332
5 333
5 334
5 335
5 336
5 337
5 338
5 339
5 340
5 341
5 342
5 343
5 344
5 345
5 346
5 347
5 348
5 349
5 350
5 351
5 352
5 353
5 354
5 355
5 356
5 357
5 358
5 359
5 360
5 361
5 362
5 363
5 364
5 365
5 366
5 367
5 368
5 369
5 370
5 371
5 372
5 373
5 374
5 375
5 376
5 377
5 378
5 379
5 380
5 381
5 382
5 383
5 384
5 385
5 386
5 387
5 388
5 389
5 390
5 391
5 392
5 393
5 394
5 395
5 396
5 397
5 398
5 399
5 400
5 401
5 402
5 403
5 404
5 405
5 406
5 407
5 408
5 409
5 410
5 411
5 412
5 413
5 414
5 415
5 416
5 417
5 418
5 419
5 420
5 421
5 422
5 423
5 424
5 425
5 426
5 427
5 428
5 429
5 430
5 431
5 432
5 433
5 434
5 435
5 436
5 437
5 438
5 439
5 440
5 441
5 442
5 443
5 444
5 445
5 446
5 447
5 448
5 449
5 450
5 451
5 452
5 453
5 454
5 455
5 456
5 457
5 458
5 459
5 460
5 461
5 462
5 463
5 464
5 465
5 466
5 467
5 468
5 469
5 470
5 471
5 472
5 473
5 474
5 475
5 476
5 477
5 478
5 479
5 480
5 481
5 482
5 483
5 484
5 485
5 486
5 487
5 488
5 489
5 490
5 491
5 492
5 493
5 494
5 495
5 496
5 497
5 498
5 499
5 500
5 501
5 502
5 503
5 504
5 505
5 506
5 507
5 508
5 509
5 510
5 511
5 512
5 513
5 514
5 515
5 516
5 517
5 518
5 519
5 520
5 521
5 522
5 523
5 524
5 525
5 526
5 527
5 528
5 529
5 530
5 531
5 532
5 533
5 534
5 535
5 536
5 537
5 538
5 539
5 540
5 541
5 542
5 543
5 544
5 545
5 546
5 547
5 548
5 549
5 550
5 551
5 552
5 553
5 554
5 555
5 556
5 557
5 558
5 559
5 560
5 561
5 562
5 563
5 564
5 565
5 566
5 567
5 568
5 569
5 570
5 571
5 572
5 573
5 574
5 575
5 576
5 577
5 578
5 579
5 580
5 581
5 582
5 583
5 584
5 585
5 586
5 587
5 588
5 589
5 590
5 591
5 592
5 593
5 594
5 595
5 596
5 597
5 598
5 599
5 600
5 4601
5 4602
5 4603
5 4604
5 4605
5 4606
5 4607
5 4608
5 4609
5 4610
5 4611
5 4612
5 4613
5 4614
5 4615
5 4616
5 4617
5 4618
5 4619
5 4620
5 4621
5 4622
5 4623
5 4624
5 4625
5 4626
5 4627
5 4628
5 4629
5 4630
5 4631
5 4632
5 4633
5 4634
5 4635
5 4636
5 4637
5 4638
5 4639
5 4640
5 4641
5 4642
5 4643
5 4644
5 4645
5 4646
5 4647
5 4648
5 4649
5 4650
5 4651
5 4652
5 4653
5 4654
5 4655
5 4656
5 4657
5 4658
5 4659
5 4660
5 4661
5 4662
5 4663
5 4664
5 4665
5 4666
5 4667
5 4668
5 4669
5 4670
5 4671
5 4672
5 4673
5 4674
5 4675
5 4676
5 4677
5 4678
5 4679
5 4680
5 4681
5 4682
5 4683
5 4684
5 4685
5 4686
5 4687
5 4688
5 4689
5 4690
5 4691
5 4692
5 4693
5 4694
5 4695
5 4696
5 4697
5 4698
5 4699
5 4700
5 4701
5 4702
5 4703
5 4704
5 4705
5 4706
5 4707
5 4708
5 4709
5 4710
5 4711
5 4712
5 4713
5 4714
5 4715
5 4716
5 4717
5 4718
5 4719
5 4720
5 4721
5 4722
5 4723
5 4724
5 4725
5 4726
5 4727
5 4728
5 4729
5 4730
5 4731
5 4732
5 4733
5 4734
5 4735
5 4736
5 4737
5 4738
5 4739
5 4740
5 4741
5 4742
5 4743
5 4744
5 4745
5 4746
5 4747
5 4748
5 4749
5 4750
5 4751
5 4752
5 4753
5 4754
5 4755
5 4756
5 4757
5 4758
5 4759
5 4760
5 4761
5 4762
5 4763
5 4764
5 4765
5 4766
5 4767
5 4768
5 4769
5 4770
5 4771
5 4772
5 4773
5 4774
5 4775
5 4776
5 4777
5 4778
5 4779
5 4780
5 4781
5 4782
5 4783
5 4784
5 4785
5 4786
5 4787
5 4788
5 4789
5 4790
5 4791
5 4792
5 4793
5 4794
5 4795
5 4796
5 4797
5 4798
5 4799
5 4800
5 4801
5 4802
5 4803
5 4804
5 4805
5 4806
5 4807
5 4808
5 4809
5 4810
5 4811
5 4812
5 4813
5 4814
5 4815
5 4816
5 4817
5 4818
5 4819
5 4820
5 4821
5 4822
5 4823
5 4824
5 4825
5 4826
5 4827
5 4828
5 4829
5 4830
5 4831
5 4832
5 4833
5 4834
5 4835
5 4836
5 4837
5 4838
5 4839
5 4840
5 4841
5 4842
5 4843
5 4844
5 4845
5 4846
5 4847
5 4848
5 4849
5 4850
5 4851
5 4852
5 4853
5 4854
5 4855
5 4856
5 4857
5 4858
5 4859
5 4860
5 4861
5 4862
5 4863
5 4864
5 4865
5 4866
5 4867
5 4868
5 4869
5 4870
5 4871
5 4872
5 4873
5 4874
5 4875
5 4876
5 4877
5 4878
5 4879
5 4880
5 4881
5 4882
5 4883
5 4884
5 4885
5 4886
5 4887
5 4888
5 4889
5 4890
5 4891
5 4892
5 4893
5 4894
5 4895
5 4896
5 4897
5 4898
5 4899
5 4900
5 4901
5 4902
5 4903
5 4904
5 4905
5 4906
5 4907
5 4908
5 4909
5 4910
5 4911
5 4912
5 4913
5 4914
5 4915
5 4916
5 4917
5 4918
5 4919
5 4920
5 4921
5 4922
5 4923
5 4924
5 4925
5 4926
5 4927
5 4928
5 4929
5 4930
5 4931
5 4932
5 4933
5 4934
5 4935
5 4936
5 4937
5 4938
5 4939
5 4940
5 4941
5 4942
5 4943
5 4944
5 4945
5 4946
5 4947
5 4948
5 4949
5 4950
5 4951
5 4952
5 4953
5 4954
5 4955
5 4956
5 4957
5 4958
5 4959
5 4960
5 4961
5 4962
5 4963
5 4964
5 4965
5 4966
5 4967
5 4968
5 4969
5 4970
5 4971
5 4972
5 4973
5 4974
5 4975
5 4976
5 4977
5 4978
5 4979
5 4980
5 4981
5 4982
5 4983
5 4984
5 4985
5 4986
5 4987
5 4988
5 4989
5 4990
5 4991
5 4992
5 4993
5 4994
5 4995
5 4996
5 4997
5 4998
5 4999
5 5000
6 1
6 2
6 3
6 4
6 5
6 6
6 7
6 8
6 9
6 10
6 11
6 12
6 13
6 14
6 15
6 16
6 17
6 18
6 19
6 20
6 21
6 22
6 23
6 24
6 25
6 26
6 27
6 28
6 29
6 30
6 31
6 32
6 33
6 34
6 35
6 36
6 37
6 38
6 39
6 40
6 41
6 42
6 43
6 44
6 45
6 46
6 47
6 48
6 49
6 50
6 51
6 52
6 53
6 54
6 55
6 56
6 57
6 58
6 59
6 60
6 61
6 62
6 63
6 64
6 65
6 66
6 67
6 68
6 69
6 70
6 71
6 72
6 73
6 74
6 75
6 76
6 77
6 78
6 79
6 80
6 81
6 82
6 83
6 84
6 85
6 86
6 87
6 88
6 89
6 90
6 91
6 92
6 93
6 94
6 95
6 96
6 97
6 98
6 99
6 100
6 101
6 102
6 103
6 104
6 105
6 106
6 107
6 108
6 109
6 110
6 111
6 112
6 113
6 114
6 115
6 116
6 117
6 118
6 119
6 120
6 121
6 122
6 123
6 124
6 125
6 126
6 127
6 128
6 129
6 130
6 131
6 132
6 133
6 134
6 135
6 136
6 137
6 138
6 139
6 140
6 141
6 142
6 143
6 144
6 145
6 146
6 147
6 148
6 149
6 150
6 151
6 152
6 153
6 154
6 155
6 156
6 157
6 158
6 159
6 160
6 161
6 162
6 163
6 164
6 165
6 166
6 167
6 168
6 169
6 170
6 171
6 172
6 173
6 174
6 175
6 176
6 177
6 178
6 179
6 180
6 181
6 182
6 183
6 184
6 185
6 186
6 187
6 188
6 189
6 190
6 191
6 192
6 193
6 194
6 195
6 196
6 197
6 198
6 199
6 200
6 201
6 202
6 203
6 204
6 205
6 206
6 207
6 208
6 209
6 210
6 211
6 212
6 213
6 214
6 215
6 216
6 217
6 218
6 219
6 220
6 221
6 222
6 223
6 224
6 225
6 226
6 227
6 228
6 229
6 230
6 231
6 232
6 233
6 234
6 235
6 236
6 237
6 238
6 239
6 240
6 241
6 242
6 243
6 244
6 245
6 246
6 247
6 248
6 249
6 250
6 251
6 252
6 253
6 254
6 255
6 256
6 257
6 258
6 259
6 260
6 261
6 262
6 263
6 264
6 265
6 266
6 267
6 268
6 269
6 270
6 271
6 272
6 273
6 274
6 275
6 276
6 277
6 278
6 279
6 280
6 281
6 282
6 283
6 284
6 285
6 286
6 287
6 288
6 289
6 290
6 291
6 292
6 293
6 294
6 295
6 296
6 297
6 298
6 299
6 300
6 301
6 302
6 303
6 304
6 305
6 306
6 307
6 308
6 309
6 310
6 311
6 312
6 313
6 314
6 315
6 316
6 317
6 318
6 319
6 320
6 321
6 322
6 323
6 324
6 325
6 326
6 327
6 328
6 329
6 330
6 331
6 332
6 333
6 334
6 335
6 336
6 337
6 338
6 339
6 340
6 341
6 342
6 343
6 344
6 345
6 346
6 347
6 348
6 349
6 350
6 351
6 352
6 353
6 354
6 355
6 356
6 357
6 358
6 359
6 360
6 361
6 362
6 363
6 364
6 365
6 366
6 367
6 368
6 369
6 370
6 371
6 372
6 373
6 374
6 375
6 376
6 377
6 378
6 379
6 380
6 381
6 382
6 383
6 384
6 385
6 386
6 387
6 388
6 389
6 390
6 391
6 392
6 393
6 394
6 395
6 396
6 397
6 398
6 399
6 400
6 401
6 402
6 403
6 404
6 405
6 406
6 407
6 408
6 409
6 410
6 411
6 412
6 413
6 414
6 415
6 416
6 417
6 418
6 419
6 420
6 421
6 422
6 423
6 424
6 425
6 426
6 427
6 428
6 429
6 430
6 431
6 432
6 433
6 434
6 435
6 436
6 437
6 438
6 439
6 440
6 441
6 442
6 443
6 444
6 445
6 446
6 447
6 448
6 449
6 450
6 451
6 452
6 453
6 454
6 455
6 456
6 457
6 458
6 459
6 460
6 461
6 462
6 463
6 464
6 465
6 466
6 467
6 468
6 469
6 470
6 471
6 472
6 473
6 474
6 475
6 476
6 477
6 478
6 479
6 480
6 481
6 482
6 483
6 484
6 485
6 486
6 487
6 488
6 489
6 490
6 491
6 492
6 493
6 494
6 495
6 496
6 497
6 498
6 499
6 500
6 501
6 502
6 503
6 504
6 505
6 506
6 507
6 508
6 509
6 510
6 511
6 512
6 513
6 514
6 515
6 516
6 517
6 518
6 519
6 520
6 521
6 522
6 523
6 524
6 525
6 526
6 527
6 528
6 529
6 530
6 531
6 532
6 533
6 534
6 535
6 536
6 537
6 538
6 539
6 540
6 541
6 542
6 543
6 544
6 545
6 546
6 547
6 548
6 549
6 550
6 551
6 552
6 553
6 554
6 555
6 556
6 557
6 558
6 559
6 560
6 561
6 562
6 563
6 564
6 565
6 566
6 567
6 568
6 569
6 570
6 571
6 572
6 573
6 574
6 575
6 576
6 577
6 578
6 579
6 580
6 581
6 582
6 583
6 584
6 585
6 586
6 587
6 588
6 589
6 590
6 591
6 592
6 593
6 594
6 595
6 596
6 597
6 598
6 599
6 600
6 4601
6 4602
6 4603
6 4604
6 4605
6 4606
6 4607
6 4608
6 4609
6 4610
6 4611
6 4612
6 4613
6 4614
6 4615
6 4616
6 4617
6 4618
6 4619
6 4620
6 4621
6 4622
6 4623
6 4624
6 4625
6 4626
6 4627
6 4628
6 4629
6 4630
6 4631
6 4632
6 4633
6 4634
6 4635
6 4636
6 4637
6 4638
6 4639
6 4640
6 4641
6 4642
6 4643
6 4644
6 4645
6 4646
6 4647
6 4648
6 4649
6 4650
6 4651
6 4652
6 4653
6 4654
6 4655
6 4656
6 4657
6 4658
6 4659
6 4660
6 4661
6 4662
6 4663
6 4664
6 4665
6 4666
6 4667
6 4668
6 4669
6 4670
6 4671
6 4672
6 4673
6 4674
6 4675
6 4676
6 4677
6 4678
6 4679
6 4680
6 4681
6 4682
6 4683
6 4684
6 4685
6 4686
6 4687
6 4688
6 4689
6 4690
6 4691
6 4692
6 4693
6 4694
6 4695
6 4696
6 4697
6 4698
6 4699
6 4700
6 4701
6 4702
6 4703
6 4704
6 4705
6 4706
6 4707
6 4708
6 4709
6 4710
6 4711
6 4712
6 4713
6 4714
6 4715
6 4716
6 4717
6 4718
6 4719
6 4720
6 4721
6 4722
6 4723
6 4724
6 4725
6 4726
6 4727
6 4728
6 4729
6 4730
6 4731
6 4732
6 4733
6 4734
6 4735
6 4736
6 4737
6 4738
6 4739
6 4740
6 4741
6 4742
6 4743
6 4744
6 4745
6 4746
6 4747
6 4748
6 4749
6 4750
6 4751
6 4752
6 4753
6 4754
6 4755
6 4756
6 4757
6 4758
6 4759
6 4760
6 4761
6 4762
6 4763
6 4764
6 4765
6 4766
6 4767
6 4768
6 4769
6 4770
6 4771
6 4772
6 4773
6 4774
6 4775
6 4776
6 4777
6 4778
6 4779
6 4780
6 4781
6 4782
6 4783
6 4784
6 4785
6 4786
6 4787
6 4788
6 4789
6 4790
6 4791
6 4792
6 4793
6 4794
6 4795
6 4796
6 4797
6 4798
6 4799
6 4800
6 4801
6 4802
6 4803
6 4804
6 4805
6 4806
6 4807
6 4808
6 4809
6 4810
6 4811
6 4812
6 4813
6 4814
6 4815
6 4816
6 4817
6 4818
6 4819
6 4820
6 4821
6 4822
6 4823
6 4824
6 4825
6 4826
6 4827
6 4828
6 4829
6 4830
6 4831
6 4832
6 4833
6 4834
6 4835
6 4836
6 4837
6 4838
6 4839
6 4840
6 4841
6 4842
6 4843
6 4844
6 4845
6 4846
6 4847
6 4848
6 4849
6 4850
6 4851
6 4852
6 4853
6 4854
6 4855
6 4856
6 4857
6 4858
6 4859
6 4860
6 4861
6 4862
6 4863
6 4864
6 4865
6 4866
6 4867
6 4868
6 4869
6 4870
6 4871
6 4872
6 4873
6 4874
6 4875
6 4876
6 4877
6 4878
6 4879
6 4880
6 4881
6 4882
6 4883
6 4884
6 4885
6 4886
6 4887
6 4888
6 4889
6 4890
6 4891
6 4892
6 4893
6 4894
6 4895
6 4896
6 4897
6 4898
6 4899
6 4900
6 4901
6 4902
6 4903
6 4904
6 4905
6 4906
6 4907
6 4908
6 4909
6 4910
6 4911
6 4912
6 4913
6 4914
6 4915
6 4916
6 4917
6 4918
6 4919
6 4920
6 4921
6 4922
6 4923
6 4924
6 4925
6 4926
6 4927
6 4928
6 4929
6 4930
6 4931
6 4932
6 4933
6 4934
6 4935
6 4936
6 4937
6 4938
6 4939
6 4940
6 4941
6 4942
6 4943
6 4944
6 4945
6 4946
6 4947
6 4948
6 4949
6 4950
6 4951
6 4952
6 4953
6 4954
6 4955
6 4956
6 4957
6 4958
6 4959
6 4960
6 4961
6 4962
6 4963
6 4964
6 4965
6 4966
6 4967
6 4968
6 4969
6 4970
6 4971
6 4972
6 4973
6 4974
6 4975
6 4976
6 4977
6 4978
6 4979
6 4980
6 4981
6 4982
6 4983
6 4984
6 4985
6 4986
6 4987
6 4988
6 4989
6 4990
6 4991
6 4992
6 4993
6 4994
6 4995
6 4996
6 4997
6 4998
6 4999
6 5000
7 1
7 2
7 3
7 4
7 5
7 6
7 7
7 8
7 9
7 10
7 11
7 12
7 13
7 14
7 15
7 16
7 17
7 18
7 19
7 20
7 21
7 22
7 23
7 24
7 25
7 26
7 27
7 28
7 29
7 30
7 31
7 32
7 33
7 34
7 35
7 36
7 37
7 38
7 39
7 40
7 41
7 42
7 43
7 44
7 45
7 46
7 47
7 48
7 49
7 50
7 51
7 52
7 53
7 54
7 55
7 56
7 57
7 58
7 59
7 60
7 61
7 62
7 63
7 64
7 65
7 66
7 67
7 68
7 69
7 70
7 71
7 72
7 73
7 74
7 75
7 76
7 77
7 78
7 79
7 80
7 81
7 82
7 83
7 84
7 85
7 86
7 87
7 88
7 89
7 90
7 91
7 92
7 93
7 94
7 95
7 96
7 97
7 98
7 99
7 100
7 101
7 102
7 103
7 104
7 105
7 106
7 107
7 108
7 109
7 110
7 111
7 112
7 113
7 114
7 115
7 116
7 117
7 118
7 119
7 120
7 121
7 122
7 123
7 124
7 125
7 126
7 127
7 128
7 129
7 130
7 131
7 132
7 133
7 134
7 135
7 136
7 137
7 138
7 139
7 140
7 141
7 142
7 143
7 144
7 145
7 146
7 147
7 148
7 149
7 150
7 151
7 152
7 153
7 154
7 155
7 156
7 157
7 158
7 159
7 160
7 161
7 162
7 163
7 164
7 165
7 166
7 167
7 168
7 169
7 170
7 171
7 172
7 173
7 174
7 175
7 176
7 177
7 178
7 179
7 180
7 181
7 182
7 183
7 184
7 185
7 186
7 187
7 188
7 189
7 190
7 191
7 192
7 193
7 194
7 195
7 196
7 197
7 198
7 199
7 200
7 201
7 202
7 203
7 204
7 205
7 206
7 207
7 208
7 209
7 210
7 211
7 212
7 213
7 214
7 215
7 216
7 217
7 218
7 219
7 220
7 221
7 222
7 223
7 224
7 225
7 226
7 227
7 228
7 229
7 230
7 231
7 232
7 233
7 234
7 235
7 236
7 237
7 238
7 239
7 240
7 241
7 242
7 243
7 244
7 245
7 246
7 247
7 248
7 249
7 250
7 251
7 252
7 253
7 254
7 255
7 256
7 257
7 258
7 259
7 260
7 261
7 262
7 263
7 264
7 265
7 266
7 267
7 268
7 269
7 270
7 271
7 272
7 273
7 274
7 275
7 276
7 277
7 278
7 279
7 280
7 281
7 282
7 283
7 284
7 285
7 286
7 287
7 288
7 289
7 290
7 291
7 292
7 293
7 294
7 295
7 296
7 297
7 298
7 299
7 300
7 301
7 302
7 303
7 304
7 305
7 306
7 307
7 308
7 309
7 310
7 311
7 312
7 313
7 314
7 315
7 316
7 317
7 318
7 319
7 320
7 321
7 322
7 323
7 324
7 325
7 326
7 327
7 328
7 329
7 330
7 331
7 332
7 333
7 334
7 335
7 336
7 337
7 338
7 339
7 340
7 341
7 342
7 343
7 344
7 345
7 346
7 347
7 348
7 349
7 350
7 351
7 352
7 353
7 354
7 355
7 356
7 357
7 358
7 359
7 360
7 361
7 362
7 363
7 364
7 365
7 366
7 367
7 368
7 369
7 370
7 371
7 372
7 373
7 374
7 375
7 376
7 377
7 378
7 379
7 380
7 381
7 382
7 383
7 384
7 385
7 386
7 387
7 388
7 389
7 390
7 391
7 392
7 393
7 394
7 395
7 396
7 397
7 398
7 399
7 400
7 401
7 402
7 403
7 404
7 405
7 406
7 407
7 408
7 409
7 410
7 411
7 412
7 413
7 414
7 415
7 416
7 417
7 418
7 419
7 420
7 421
7 422
7 423
7 424
7 425
7 426
7 427
7 428
7 429
7 430
7 431
7 432
7 433
7 434
7 435
7 436
7 437
7 438
7 439
7 440
7 441
7 442
7 443
7 444
7 445
7 446
7 447
7 448
7 449
7 450
7 451
7 452
7 453
7 454
7 455
7 456
7 457
7 458
7 459
7 460
7 461
7 462
7 463
7 464
7 465
7 466
7 467
7 468
7 469
7 470
7 471
7 472
7 473
7 474
7 475
7 476
7 477
7 478
7 479
7 480
7 481
7 482
7 483
7 484
7 485
7 486
7 487
7 488
7 489
7 490
7 491
7 492
7 493
7 494
7 495
7 496
7 497
7 498
7 499
7 500
7 501
7 502
7 503
7 504
7 505
7 506
7 507
7 508
7 509
7 510
7 511
7 512
7 513
7 514
7 515
7 516
7 517
7 518
7 519
7 520
7 521
7 522
7 523
7 524
7 525
7 526
7 527
7 528
7 529
7 530
7 531
7 532
7 533
7 534
7 535
7 536
7 537
7 538
7 539
7 540
7 541
7 542
7 543
7 544
7 545
7 546
7 547
7 548
7 549
7 550
7 551
7 552
7 553
7 554
7 555
7 556
7 557
7 558
7 559
7 560
7 561
7 562
7 563
7 564
7 565
7 566
7 567
7 568
7 569
7 570
7 571
7 572
7 573
7 574
7 575
7 576
7 577
7 578
7 579
7 580
7 581
7 582
7 583
7 584
7 585
7 586
7 587
7 588
7 589
7 590
7 591
7 592
7 593
7 594
7 595
7 596
7 597
7 598
7 599
7 600
7 4601
7 4602
7 4603
7 4604
7 4605
7 4606
7 4607
7 4608
7 4609
7 4610
7 4611
7 4612
7 4613
7 4614
7 4615
7 4616
7 4617
7 4618
7 4619
7 4620
7 4621
7 4622
7 4623
7 4624
7 4625
7 4626
7 4627
7 4628
7 4629
7 4630
7 4631
7 4632
7 4633
7 4634
7 4635
7 4636
7 4637
7 4638
7 4639
7 4640
7 4641
7 4642
7 4643
7 4644
7 4645
7 4646
7 4647
7 4648
7 4649
7 4650
7 4651
7 4652
7 4653
7 4654
7 4655
7 4656
7 4657
7 4658
7 4659
7 4660
7 4661
7 4662
7 4663
7 4664
7 4665
7 4666
7 4667
7 4668
7 4669
7 4670
7 4671
7 4672
7 4673
7 4674
7 4675
7 4676
7 4677
7 4678
7 4679
7 4680
7 4681
7 4682
7 4683
7 4684
7 4685
7 4686
7 4687
7 4688
7 4689
7 4690
7 4691
7 4692
7 4693
7 4694
7 4695
7 4696
7 4697
7 4698
7 4699
7 4700
7 4701
7 4702
7 4703
7 4704
7 4705
7 4706
7 4707
7 4708
7 4709
7 4710
7 4711
7 4712
7 4713
7 4714
7 4715
7 4716
7 4717
7 4718
7 4719
7 4720
7 4721
7 4722
7 4723
7 4724
7 4725
7 4726
7 4727
7 4728
7 4729
7 4730
7 4731
7 4732
7 4733
7 4734
7 4735
7 4736
7 4737
7 4738
7 4739
7 4740
7 4741
7 4742
7 4743
7 4744
7 4745
7 4746
7 4747
7 4748
7 4749
7 4750
7 4751
7 4752
7 4753
7 4754
7 4755
7 4756
7 4757
7 4758
7 4759
7 4760
7 4761
7 4762
7 4763
7 4764
7 4765
7 4766
7 4767
7 4768
7 4769
7 4770
7 4771
7 4772
7 4773
7 4774
7 4775
7 4776
7 4777
7 4778
7 4779
7 4780
7 4781
7 4782
7 4783
7 4784
7 4785
7 4786
7 4787
7 4788
7 4789
7 4790
7 4791
7 4792
7 4793
7 4794
7 4795
7 4796
7 4797
7 4798
7 4799
7 4800
7 4801
7 4802
7 4803
7 4804
7 4805
7 4806
7 4807
7 4808
7 4809
7 4810
7 4811
7 4812
7 4813
7 4814
7 4815
7 4816
7 4817
7 4818
7 4819
7 4820
7 4821
7 4822
7 4823
7 4824
7 4825
7 4826
7 4827
7 4828
7 4829
7 4830
7 4831
7 4832
7 4833
7 4834
7 4835
7 4836
7 4837
7 4838
7 4839
7 4840
7 4841
7 4842
7 4843
7 4844
7 4845
7 4846
7 4847
7 4848
7 4849
7 4850
7 4851
7 4852
7 4853
7 4854
7 4855
7 4856
7 4857
7 4858
7 4859
7 4860
7 4861
7 4862
7 4863
7 4864
7 4865
7 4866
7 4867
7 4868
7 4869
7 4870
7 4871
7 4872
7 4873
7 4874
7 4875
7 4876
7 4877
7 4878
7 4879
7 4880
7 4881
7 4882
7 4883
7 4884
7 4885
7 4886
7 4887
7 4888
7 4889
7 4890
7 4891
7 4892
7 4893
7 4894
7 4895
7 4896
7 4897
7 4898
7 4899
7 4900
7 4901
7 4902
7 4903
7 4904
7 4905
7 4906
7 4907
7 4908
7 4909
7 4910
7 4911
7 4912
7 4913
7 4914
7 4915
7 4916
7 4917
7 4918
7 4919
7 4920
7 4921
7 4922
7 4923
7 4924
7 4925
7 4926
7 4927
7 4928
7 4929
7 4930
7 4931
7 4932
7 4933
7 4934
7 4935
7 4936
7 4937
7 4938
7 4939
7 4940
7 4941
7 4942
7 4943
7 4944
7 4945
7 4946
7 4947
7 4948
7 4949
7 4950
7 4951
7 4952
7 4953
7 4954
7 4955
7 4956
7 4957
7 4958
7 4959
7 4960
7 4961
7 4962
7 4963
7 4964
7 4965
7 4966
7 4967
7 4968
7 4969
7 4970
7 4971
7 4972
7 4973
7 4974
7 4975
7 4976
7 4977
7 4978
7 4979
7 4980
7 4981
7 4982
7 4983
7 4984
7 4985
7 4986
7 4987
7 4988
7 4989
7 4990
7 4991
7 4992
7 4993
7 4994
7 4995
7 4996
7 4997
7 4998
7 4999
7 5000
8 1
8 2
8 3
8 4
8 5
8 6
8 7
8 8
8 9
8 10
8 11
8 12
8 13
8 14
8 15
8 16
8 17
8 18
8 19
8 20
8 21
8 22
8 23
8 24
8 25
8 26
8 27
8 28
8 29
8 30
8 31
8 32
8 33
8 34
8 35
8 36
8 37
8 38
8 39
8 40
8 41
8 42
8 43
8 44
8 45
8 46
8 47
8 48
8 49
8 50
8 51
8 52
8 53
8 54
8 55
8 56
8 57
8 58
8 59
8 60
8 61
8 62
8 63
8 64
8 65
8 66
8 67
8 68
8 69
8 70